Макс1           3                 2                          0
Макс2           2                 0                          0
Макс3           2                 1                          0
Макс4           1                 3                          0
GHJG           1                 0                          0
h           0                 0                          0
Макс5           4                 4                          1
Макс6           2                 2                          1
Макс7           2                 0                          1
Макс8           0                 1                          1
Макс9           5                 1                          2
Макс10           5                 5                          2
Макс11           3                 3                          2
Макс12           1                 2                          2
